TAFSIR JSON VALIDIERUNGSBERICHT
======================================================================

Datum: 1766268007.8306577

FEHLENDE VERSE (113 Suren betroffen):
----------------------------------------------------------------------
  Sura   2:  31 Verse fehlen
           Verse:  9, 12, 18, 20, 46, 50, 61, 69, 70, 71, 73, 86, 89, 123, 125, 143, 145, 150, 152, 166, 169, 175, 179, 205, 206, 218, 230, 263, 265, 280, 281
  Sura   3:  50 Verse fehlen
           Verse:  5, 11, 13, 16, 34, 36, 53, 55, 62, 63, 66, 67, 68, 84, 91, 94, 99, 101, 107, 109, 111, 120, 124, 125, 126, 127, 128, 129, 131, 132, 136, 138, 141, 142, 146, 148, 151, 155, 157, 158, 162, 163, 172, 174, 175, 182, 186, 194, 197, 200
  Sura   4:  36 Verse fehlen
           Verse:  11, 14, 27, 28, 30, 55, 61, 67, 68, 70, 71, 73, 78, 79, 87, 91, 93, 96, 99, 101, 107, 109, 121, 134, 138, 145, 151, 152, 154, 158, 159, 161, 167, 168, 169, 176
  Sura   5:  50 Verse fehlen
           Verse:  9, 10, 11, 18, 19, 21, 28, 29, 30, 31, 34, 36, 37, 42, 47, 49, 52, 55, 56, 58, 59, 61, 62, 65, 66, 69, 71, 73, 74, 75, 77, 79, 80, 84, 85, 86, 88, 91, 92, 95, 99, 100, 104, 107, 108, 113, 115, 117, 119, 120
  Sura   6:  83 Verse fehlen
           Verse:  2, 3, 5, 6, 8, 9, 10, 11, 14, 15, 16, 18, 19, 21, 23, 24, 25, 26, 28, 29, 30, 32, 38, 39, 41, 42, 43, 45, 46, 47, 48, 49, 51, 53, 56, 57, 58, 61, 62, 63, 64, 67, 68, 69, 72, 73, 75, 76, 77, 78, 79, 81, 82, 83, 85, 87, 88, 90, 92, 94, 96, 97, 99, 103, 105, 107, 110, 113, 115, 117, 124, 127, 132, 134, 135, 142, 144, 149, 155, 157, 162, 163, 165
  Sura   7:  99 Verse fehlen
           Verse:  2, 3, 5, 6, 7, 9, 14, 15, 17, 21, 25, 29, 30, 35, 36, 39, 41, 43, 45, 47, 49, 51, 53, 58, 60, 61, 62, 64, 67, 68, 69, 71, 72, 74, 75, 76, 77, 78, 81, 82, 84, 87, 89, 91, 92, 95, 97, 98, 99, 102, 105, 106, 108, 110, 112, 114, 116, 118, 119, 120, 121, 122, 124, 125, 126, 128, 129, 131, 133, 134, 135, 137, 139, 141, 145, 147, 149, 151, 153, 161, 162, 169, 170, 173, 174, 176, 177, 183, 190, 192, 193, 194, 195, 196, 197, 198, 200, 202, 206
  Sura   8:  36 Verse fehlen
           Verse:  3, 4, 10, 12, 13, 14, 16, 18, 21, 22, 23, 28, 32, 33, 35, 37, 39, 40, 44, 46, 48, 49, 51, 54, 56, 57, 60, 62, 63, 65, 66, 68, 69, 71, 74, 75
  Sura   9:  51 Verse fehlen
           Verse:  2, 10, 11, 14, 15, 18, 21, 22, 24, 26, 27, 31, 33, 35, 39, 44, 45, 47, 49, 51, 53, 54, 57, 59, 61, 63, 66, 68, 76, 77, 78, 82, 87, 89, 92, 93, 95, 96, 98, 99, 104, 108, 110, 114, 116, 117, 119, 125, 127, 128, 129
  Sura  10:  60 Verse fehlen
           Verse:  2, 6, 8, 10, 14, 16, 22, 23, 25, 29, 30, 32, 33, 35, 36, 38, 39, 40, 42, 43, 44, 47, 49, 50, 51, 52, 54, 56, 58, 60, 63, 64, 66, 67, 69, 70, 72, 73, 76, 77, 78, 80, 81, 82, 85, 86, 89, 91, 92, 95, 96, 97, 100, 102, 103, 105, 106, 107, 108, 109
  Sura  11:  68 Verse fehlen
           Verse:  2, 3, 4, 8, 10, 11, 13, 14, 16, 19, 20, 21, 22, 24, 26, 27, 30, 33, 34, 37, 38, 39, 42, 43, 46, 47, 52, 54, 55, 56, 57, 58, 59, 60, 63, 65, 66, 68, 70, 71, 72, 73, 75, 76, 78, 79, 81, 83, 86, 90, 92, 94, 95, 97, 98, 99, 101, 104, 105, 107, 110, 111, 113, 115, 117, 119, 122, 123
  Sura  12:  68 Verse fehlen
           Verse:  2, 3, 4, 9, 10, 12, 14, 15, 17, 18, 20, 22, 26, 27, 28, 29, 31, 32, 33, 34, 38, 40, 44, 45, 46, 47, 48, 49, 51, 52, 53, 55, 57, 59, 60, 61, 62, 64, 66, 68, 70, 71, 72, 73, 74, 75, 76, 79, 81, 82, 84, 85, 86, 88, 90, 91, 92, 94, 95, 97, 98, 100, 103, 104, 106, 107, 109, 111
  Sura  13:  13 Verse fehlen
           Verse:  4, 9, 11, 13, 21, 22, 23, 24, 28, 29, 35, 37, 43
  Sura  14:  24 Verse fehlen
           Verse:  2, 3, 8, 11, 12, 17, 20, 23, 25, 26, 29, 30, 33, 34, 36, 39, 40, 41, 45, 46, 49, 50, 51, 52
  Sura  15:  65 Verse fehlen
           Verse:  5, 7, 11, 12, 13, 15, 22, 23, 24, 25, 27, 29, 30, 31, 32, 33, 35, 36, 37, 38, 40, 41, 42, 43, 44, 46, 47, 48, 50, 52, 53, 54, 55, 56, 58, 60, 62, 63, 64, 66, 68, 69, 70, 71, 72, 74, 75, 76, 77, 79, 81, 82, 83, 84, 86, 90, 91, 92, 93, 94, 95, 96, 97, 98, 99
  Sura  16:  50 Verse fehlen
           Verse:  4, 6, 7, 11, 13, 20, 21, 23, 25, 29, 31, 32, 34, 36, 37, 39, 40, 42, 44, 46, 47, 50, 52, 54, 55, 59, 60, 62, 74, 85, 87, 88, 96, 99, 100, 105, 107, 109, 111, 113, 115, 116, 117, 119, 121, 122, 123, 126, 127, 128
  Sura  17:  41 Verse fehlen
           Verse:  3, 10, 14, 19, 21, 24, 27, 30, 35, 38, 43, 46, 48, 50, 51, 52, 55, 57, 62, 64, 65, 72, 74, 75, 77, 79, 84, 87, 89, 91, 92, 93, 95, 99, 102, 103, 104, 106, 108, 109, 111
  Sura  18:  65 Verse fehlen
           Verse:  2, 3, 4, 5, 8, 10, 11, 12, 14, 15, 16, 20, 22, 24, 26, 28, 31, 33, 34, 35, 36, 38, 39, 40, 41, 43, 44, 46, 48, 49, 53, 56, 58, 59, 61, 62, 63, 64, 65, 67, 68, 69, 70, 72, 73, 75, 76, 78, 81, 84, 86, 87, 88, 90, 91, 93, 94, 95, 96, 101, 104, 105, 106, 108, 110
  Sura  19:  65 Verse fehlen
           Verse:  3, 4, 5, 6, 9, 11, 13, 14, 15, 17, 18, 19, 20, 21, 23, 25, 26, 28, 30, 31, 32, 33, 35, 36, 37, 39, 40, 42, 43, 44, 45, 47, 48, 50, 52, 53, 55, 57, 62, 63, 65, 67, 68, 69, 70, 72, 74, 78, 79, 80, 82, 83, 84, 86, 87, 89, 90, 91, 92, 93, 94, 95, 96, 97, 98
  Sura  20: 100 Verse fehlen
           Verse:  3, 4, 5, 6, 7, 8, 10, 12, 13, 14, 15, 16, 18, 19, 20, 21, 23, 24, 25, 26, 27, 28, 29, 30, 31, 32, 33, 34, 35, 37, 38, 39, 41, 42, 43, 44, 46, 48, 50, 51, 52, 54, 55, 56, 58, 59, 61, 62, 63, 64, 66, 67, 68, 69, 70, 72, 73, 75, 76, 78, 79, 81, 82, 84, 85, 86, 87, 89, 91, 93, 94, 97, 98, 100, 101, 103, 104, 106, 107, 108, 110, 111, 112, 114, 116, 117, 118, 119, 120, 121, 122, 124, 125, 126, 129, 130, 132, 133, 134, 135
  Sura  21:  72 Verse fehlen
           Verse:  2, 3, 4, 6, 8, 9, 11, 13, 14, 15, 17, 18, 20, 22, 23, 25, 27, 28, 29, 32, 33, 35, 37, 39, 40, 42, 43, 45, 46, 47, 49, 50, 52, 53, 54, 55, 56, 58, 60, 61, 62, 63, 65, 66, 67, 69, 70, 72, 73, 74, 75, 77, 84, 86, 88, 90, 93, 94, 96, 97, 99, 100, 101, 102, 103, 106, 107, 108, 109, 110, 111, 112
  Sura  22:  42 Verse fehlen
           Verse:  2, 4, 6, 7, 9, 10, 12, 13, 16, 20, 21, 22, 24, 27, 29, 31, 33, 35, 40, 43, 44, 45, 46, 48, 50, 51, 53, 54, 56, 57, 59, 60, 62, 64, 65, 66, 68, 69, 72, 74, 76, 78
  Sura  23:  89 Verse fehlen
           Verse:  2, 3, 4, 5, 6, 7, 8, 9, 10, 11, 13, 14, 15, 16, 19, 20, 22, 24, 25, 27, 28, 29, 30, 32, 33, 34, 35, 36, 37, 38, 39, 40, 41, 43, 44, 46, 47, 48, 49, 52, 54, 55, 56, 58, 59, 60, 61, 63, 64, 65, 66, 68, 69, 70, 71, 72, 74, 75, 77, 80, 81, 82, 83, 85, 87, 88, 89, 90, 92, 94, 95, 96, 97, 98, 100, 102, 103, 104, 106, 107, 109, 110, 111, 113, 114, 115, 116, 117, 118
  Sura  24:  28 Verse fehlen
           Verse:  2, 5, 7, 8, 9, 10, 13, 15, 17, 18, 21, 24, 25, 28, 29, 33, 34, 38, 40, 42, 44, 52, 54, 57, 59, 60, 63, 64
  Sura  25:  31 Verse fehlen
           Verse:  5, 6, 9, 13, 14, 16, 18, 19, 26, 28, 29, 36, 38, 39, 42, 43, 44, 46, 49, 50, 64, 65, 66, 67, 69, 71, 73, 74, 75, 76, 77
  Sura  26: 188 Verse fehlen
           Verse:  5, 6, 7, 9, 11, 12, 13, 14, 15, 16, 17, 18, 19, 20, 21, 22, 24, 25, 26, 27, 28, 30, 31, 32, 33, 34, 35, 36, 37, 39, 40, 41, 42, 43, 44, 45, 46, 47, 48, 50, 51, 53, 54, 55, 56, 57, 58, 59, 61, 62, 63, 64, 65, 66, 67, 68, 70, 71, 72, 73, 74, 76, 77, 79, 80, 81, 82, 84, 85, 86, 87, 88, 89, 91, 92, 93, 94, 95, 96, 97, 98, 99, 100, 101, 102, 103, 104, 106, 107, 108, 109, 110, 112, 113, 114, 115, 117, 118, 119, 120, 121, 122, 124, 125, 126, 127, 128, 129, 130, 131, 132, 133, 134, 135, 137, 138, 139, 140, 142, 143, 144, 145, 147, 148, 149, 150, 151, 152, 154, 155, 156, 157, 158, 159, 161, 162, 163, 164, 166, 167, 168, 169, 170, 171, 172, 173, 174, 175, 177, 178, 179, 180, 182, 183, 184, 186, 187, 188, 189, 190, 191, 193, 194, 195, 197, 198, 199, 201, 202, 203, 204, 205, 206, 207, 208, 209, 211, 212, 216, 217, 219, 220, 222, 223, 224, 225, 226, 227
  Sura  27:  53 Verse fehlen
           Verse:  3, 5, 9, 11, 12, 13, 14, 19, 21, 25, 26, 28, 29, 30, 31, 33, 34, 35, 37, 39, 40, 42, 43, 44, 46, 47, 49, 50, 51, 52, 53, 55, 56, 57, 58, 66, 68, 69, 70, 72, 73, 74, 75, 82, 84, 85, 86, 88, 89, 90, 91, 92, 93
  Sura  28:  54 Verse fehlen
           Verse:  6, 8, 9, 11, 12, 13, 16, 17, 19, 23, 24, 26, 27, 28, 30, 31, 32, 34, 35, 37, 39, 40, 41, 42, 45, 46, 47, 49, 50, 51, 53, 54, 55, 57, 59, 61, 63, 64, 65, 66, 67, 69, 70, 72, 73, 75, 77, 80, 82, 84, 85, 86, 87, 88
  Sura  29:  44 Verse fehlen
           Verse:  3, 4, 6, 7, 9, 11, 13, 15, 17, 18, 21, 22, 23, 25, 27, 29, 30, 32, 33, 34, 35, 37, 39, 40, 42, 43, 45, 48, 49, 51, 52, 54, 55, 57, 58, 59, 60, 62, 63, 65, 66, 67, 68, 69
  Sura  30:  22 Verse fehlen
           Verse:  3, 4, 5, 6, 10, 13, 14, 15, 16, 18, 19, 21, 29, 42, 44, 45, 49, 50, 53, 58, 59, 60
  Sura  31:  13 Verse fehlen
           Verse:  3, 4, 5, 7, 9, 11, 21, 23, 24, 26, 30, 32, 34
  Sura  32:   8 Verse fehlen
           Verse:  5, 6, 21, 22, 27, 28, 29, 30
  Sura  33:  21 Verse fehlen
           Verse:  3, 5, 8, 10, 12, 13, 24, 29, 31, 46, 47, 48, 54, 58, 62, 64, 65, 67, 68, 71, 73
  Sura  34:  25 Verse fehlen
           Verse:  4, 5, 6, 8, 9, 11, 13, 17, 19, 21, 23, 25, 26, 27, 29, 30, 33, 35, 38, 41, 42, 45, 52, 53, 54
  Sura  35:  14 Verse fehlen
           Verse:  6, 17, 20, 21, 22, 24, 25, 26, 28, 30, 35, 37, 43, 45
  Sura  36:  54 Verse fehlen
           Verse:  3, 4, 11, 14, 15, 16, 17, 19, 21, 22, 23, 24, 25, 27, 28, 29, 31, 32, 34, 35, 36, 38, 39, 40, 42, 43, 44, 46, 47, 50, 52, 53, 54, 56, 57, 58, 60, 61, 62, 64, 65, 66, 67, 69, 70, 72, 73, 75, 76, 78, 79, 80, 82, 83
  Sura  37: 153 Verse fehlen
           Verse:  8, 9, 10, 12, 13, 14, 15, 16, 17, 18, 19, 21, 22, 23, 24, 25, 26, 28, 29, 30, 31, 32, 33, 34, 35, 36, 37, 39, 40, 41, 42, 43, 44, 45, 46, 47, 48, 49, 51, 52, 53, 54, 55, 56, 57, 58, 59, 60, 61, 63, 64, 65, 66, 67, 68, 69, 70, 72, 73, 74, 76, 77, 78, 79, 80, 81, 84, 85, 86, 87, 89, 90, 91, 92, 93, 94, 95, 96, 97, 98, 100, 102, 104, 105, 106, 107, 108, 109, 110, 111, 113, 115, 116, 117, 118, 119, 120, 121, 122, 124, 125, 126, 127, 128, 129, 130, 131, 132, 134, 135, 136, 137, 138, 140, 141, 142, 143, 144, 145, 146, 147, 148, 150, 151, 152, 153, 154, 155, 156, 157, 158, 159, 160, 162, 163, 164, 165, 166, 167, 168, 169, 170, 172, 173, 174, 175, 176, 177, 178, 179, 180, 181, 182
  Sura  38:  59 Verse fehlen
           Verse:  2, 3, 6, 9, 10, 19, 20, 22, 24, 25, 32, 33, 35, 36, 37, 38, 39, 40, 42, 43, 44, 46, 47, 50, 51, 52, 53, 54, 56, 57, 58, 59, 60, 61, 62, 63, 64, 66, 67, 68, 69, 70, 72, 73, 74, 75, 76, 77, 78, 79, 80, 81, 82, 83, 84, 85, 86, 87, 88
  Sura  39:  32 Verse fehlen
           Verse:  2, 12, 14, 15, 16, 18, 20, 31, 34, 35, 37, 39, 40, 44, 45, 48, 50, 54, 55, 56, 57, 58, 59, 61, 63, 65, 66, 67, 70, 72, 74, 75
  Sura  40:  41 Verse fehlen
           Verse:  6, 8, 9, 12, 14, 17, 19, 20, 22, 29, 31, 32, 33, 35, 37, 39, 40, 42, 43, 44, 45, 46, 48, 49, 50, 52, 54, 58, 59, 63, 72, 73, 74, 76, 78, 80, 81, 82, 83, 84, 85
  Sura  41:  20 Verse fehlen
           Verse:  3, 4, 8, 10, 15, 16, 18, 20, 21, 22, 27, 28, 29, 31, 32, 41, 42, 48, 51, 54
  Sura  42:  21 Verse fehlen
           Verse:  2, 4, 8, 17, 21, 22, 27, 28, 31, 34, 35, 39, 41, 42, 43, 45, 46, 48, 50, 51, 53
  Sura  43:  55 Verse fehlen
           Verse:  3, 4, 6, 7, 8, 13, 14, 16, 18, 19, 20, 22, 23, 24, 25, 27, 28, 32, 33, 34, 35, 37, 38, 39, 42, 43, 45, 47, 50, 52, 54, 55, 56, 58, 59, 60, 62, 65, 67, 68, 69, 70, 71, 72, 73, 75, 76, 77, 78, 79, 80, 82, 83, 85, 89
  Sura  44:  35 Verse fehlen
           Verse:  5, 6, 7, 11, 12, 14, 16, 19, 20, 21, 23, 25, 26, 27, 28, 29, 30, 31, 32, 33, 35, 39, 41, 44, 45, 46, 48, 49, 50, 52, 53, 54, 55, 57, 59
  Sura  45:  19 Verse fehlen
           Verse:  4, 7, 8, 9, 10, 13, 15, 19, 20, 22, 25, 29, 31, 32, 33, 34, 35, 36, 37
  Sura  46:  11 Verse fehlen
           Verse:  5, 6, 14, 16, 18, 23, 25, 28, 30, 32, 35
  Sura  47:  13 Verse fehlen
           Verse:  2, 3, 6, 9, 17, 23, 25, 26, 28, 30, 31, 33, 38
  Sura  48:   6 Verse fehlen
           Verse:  7, 12, 14, 21, 23, 29
  Sura  49:   8 Verse fehlen
           Verse:  3, 5, 7, 8, 10, 15, 16, 18
  Sura  50:  30 Verse fehlen
           Verse:  3, 4, 7, 8, 9, 10, 11, 13, 14, 15, 19, 21, 22, 24, 25, 26, 27, 28, 29, 31, 32, 33, 34, 35, 37, 40, 42, 43, 44, 45
  Sura  51:  44 Verse fehlen
           Verse:  6, 8, 9, 11, 12, 13, 14, 16, 17, 18, 19, 21, 23, 25, 26, 27, 28, 29, 30, 32, 33, 34, 35, 36, 37, 39, 40, 41, 42, 43, 44, 46, 48, 49, 50, 51, 53, 54, 55, 56, 57, 58, 59, 60
  Sura  52:  38 Verse fehlen
           Verse:  2, 3, 4, 5, 6, 7, 8, 10, 11, 12, 14, 15, 16, 18, 19, 20, 22, 23, 24, 25, 26, 27, 28, 30, 31, 32, 33, 34, 36, 37, 38, 39, 41, 43, 45, 46, 47, 49
  Sura  53:  43 Verse fehlen
           Verse:  3, 4, 6, 7, 8, 9, 11, 12, 13, 14, 15, 16, 17, 20, 21, 22, 23, 24, 25, 28, 29, 30, 32, 34, 35, 37, 39, 40, 41, 43, 44, 45, 46, 47, 48, 51, 52, 53, 58, 59, 60, 61, 62
  Sura  54:  38 Verse fehlen
           Verse:  2, 3, 4, 5, 7, 8, 10, 12, 13, 14, 15, 16, 17, 19, 20, 21, 22, 24, 25, 28, 29, 30, 31, 32, 34, 36, 38, 39, 40, 42, 43, 44, 46, 48, 50, 53, 54, 55
  Sura  55:  61 Verse fehlen
           Verse:  2, 3, 4, 6, 9, 10, 11, 12, 15, 18, 20, 21, 22, 23, 24, 25, 27, 28, 30, 32, 33, 34, 35, 36, 38, 40, 42, 43, 44, 45, 47, 48, 49, 50, 51, 52, 53, 55, 56, 57, 58, 59, 60, 61, 62, 63, 64, 65, 66, 67, 68, 69, 70, 71, 72, 73, 74, 75, 76, 77, 78
  Sura  56:  75 Verse fehlen
           Verse:  2, 3, 4, 5, 6, 7, 9, 10, 11, 12, 14, 15, 16, 17, 18, 19, 20, 21, 22, 23, 24, 25, 26, 28, 29, 30, 31, 32, 33, 34, 35, 36, 38, 40, 42, 44, 45, 46, 47, 48, 49, 50, 52, 53, 54, 55, 56, 57, 58, 61, 64, 65, 66, 67, 68, 70, 72, 73, 74, 76, 78, 79, 80, 82, 84, 85, 86, 87, 89, 90, 91, 92, 93, 94, 96
  Sura  57:   8 Verse fehlen
           Verse:  6, 8, 13, 14, 15, 23, 24, 29
  Sura  58:   8 Verse fehlen
           Verse:  6, 10, 15, 16, 17, 18, 19, 22
  Sura  59:  12 Verse fehlen
           Verse:  2, 4, 5, 10, 12, 13, 14, 17, 19, 20, 23, 24
  Sura  60:   5 Verse fehlen
           Verse:  2, 3, 5, 6, 13
  Sura  61:   7 Verse fehlen
           Verse:  3, 4, 8, 9, 11, 12, 14
  Sura  62:   4 Verse fehlen
           Verse:  4, 7, 8, 11
  Sura  63:   4 Verse fehlen
           Verse:  3, 6, 9, 10
  Sura  64:   7 Verse fehlen
           Verse:  2, 4, 10, 13, 15, 17, 18
  Sura  65:   6 Verse fehlen
           Verse:  3, 5, 7, 9, 10, 12
  Sura  66:   5 Verse fehlen
           Verse:  4, 5, 7, 8, 11
  Sura  67:  22 Verse fehlen
           Verse:  2, 4, 5, 7, 8, 9, 10, 13, 14, 15, 17, 18, 19, 21, 22, 23, 24, 25, 26, 27, 29, 30
  Sura  68:  36 Verse fehlen
           Verse:  3, 4, 5, 6, 7, 9, 10, 11, 12, 13, 14, 18, 19, 20, 21, 22, 23, 24, 25, 26, 27, 28, 29, 31, 32, 37, 38, 39, 40, 43, 45, 47, 49, 50, 51, 52
  Sura  69:  37 Verse fehlen
           Verse:  2, 3, 4, 5, 6, 7, 8, 9, 10, 11, 12, 15, 18, 20, 21, 22, 23, 24, 26, 27, 28, 29, 30, 31, 32, 33, 36, 37, 39, 41, 42, 46, 47, 48, 49, 50, 51
  Sura  70:  32 Verse fehlen
           Verse:  2, 3, 4, 6, 7, 12, 13, 14, 15, 16, 17, 18, 20, 21, 22, 23, 24, 26, 28, 29, 31, 32, 33, 34, 35, 37, 38, 39, 41, 42, 43, 44
  Sura  71:  21 Verse fehlen
           Verse:  2, 3, 4, 6, 7, 8, 9, 10, 11, 12, 13, 16, 17, 18, 19, 20, 22, 24, 26, 27, 28
  Sura  72:  19 Verse fehlen
           Verse:  2, 3, 4, 5, 7, 9, 10, 12, 13, 14, 15, 17, 20, 21, 22, 23, 24, 26, 27
  Sura  73:  11 Verse fehlen
           Verse:  3, 4, 5, 6, 7, 8, 9, 12, 13, 16, 20
  Sura  74:  46 Verse fehlen
           Verse:  2, 3, 4, 5, 6, 7, 8, 9, 10, 12, 13, 14, 15, 16, 17, 18, 19, 21, 22, 23, 24, 25, 27, 28, 29, 33, 34, 35, 36, 37, 40, 41, 42, 43, 44, 45, 46, 47, 48, 49, 51, 52, 53, 54, 55, 56
  Sura  75:  31 Verse fehlen
           Verse:  2, 4, 5, 6, 7, 9, 10, 11, 12, 14, 15, 17, 18, 19, 21, 23, 24, 25, 27, 28, 29, 30, 32, 33, 34, 35, 36, 37, 38, 39, 40
  Sura  76:  18 Verse fehlen
           Verse:  2, 3, 5, 6, 11, 12, 14, 16, 17, 18, 19, 20, 21, 22, 24, 26, 29, 31
  Sura  77:  33 Verse fehlen
           Verse:  4, 5, 6, 7, 9, 10, 12, 13, 14, 15, 17, 18, 19, 21, 22, 23, 26, 27, 30, 32, 34, 36, 37, 39, 40, 42, 43, 44, 45, 46, 47, 49, 50
  Sura  78:  26 Verse fehlen
           Verse:  2, 3, 4, 5, 9, 11, 12, 13, 14, 15, 16, 22, 23, 25, 26, 27, 28, 29, 30, 32, 33, 34, 35, 36, 39, 40
  Sura  79:  32 Verse fehlen
           Verse:  2, 3, 4, 5, 7, 8, 9, 12, 13, 16, 17, 18, 19, 20, 21, 22, 23, 24, 25, 26, 31, 32, 33, 35, 37, 38, 40, 41, 43, 44, 45, 46
  Sura  80:  32 Verse fehlen
           Verse:  2, 3, 4, 5, 6, 7, 8, 9, 10, 11, 12, 14, 15, 16, 22, 23, 25, 27, 28, 29, 30, 31, 32, 34, 35, 36, 37, 38, 39, 40, 41, 42
  Sura  81:  12 Verse fehlen
           Verse:  2, 9, 13, 14, 16, 17, 21, 23, 25, 26, 28, 29
  Sura  82:  11 Verse fehlen
           Verse:  5, 7, 8, 10, 11, 12, 14, 15, 16, 17, 19
  Sura  83:  24 Verse fehlen
           Verse:  3, 6, 8, 9, 11, 12, 13, 15, 16, 17, 20, 21, 23, 24, 25, 26, 28, 30, 31, 32, 33, 34, 35, 36
  Sura  84:  18 Verse fehlen
           Verse:  2, 4, 5, 8, 9, 11, 12, 13, 15, 17, 18, 19, 20, 21, 22, 23, 24, 25
  Sura  85:  14 Verse fehlen
           Verse:  5, 6, 7, 8, 9, 10, 12, 13, 14, 15, 16, 17, 19, 22
  Sura  86:   9 Verse fehlen
           Verse:  2, 3, 5, 9, 10, 14, 15, 16, 17
  Sura  87:  10 Verse fehlen
           Verse:  3, 4, 5, 10, 11, 12, 13, 15, 17, 19
  Sura  88:  19 Verse fehlen
           Verse:  2, 3, 4, 5, 6, 7, 9, 10, 11, 12, 13, 14, 15, 16, 19, 22, 24, 25, 26
  Sura  89:  19 Verse fehlen
           Verse:  2, 3, 4, 7, 8, 9, 10, 11, 12, 13, 14, 20, 22, 24, 25, 26, 28, 29, 30
  Sura  90:  16 Verse fehlen
           Verse:  5, 6, 7, 8, 9, 10, 11, 12, 13, 14, 15, 16, 17, 18, 19, 20
  Sura  91:  10 Verse fehlen
           Verse:  2, 3, 4, 5, 6, 8, 10, 12, 14, 15
  Sura  92:  12 Verse fehlen
           Verse:  6, 7, 8, 9, 10, 13, 14, 16, 18, 19, 20, 21
  Sura  93:   7 Verse fehlen
           Verse:  2, 5, 7, 8, 9, 10, 11
  Sura  94:   5 Verse fehlen
           Verse:  2, 3, 6, 7, 8
  Sura  95:   3 Verse fehlen
           Verse:  2, 3, 8
  Sura  96:  11 Verse fehlen
           Verse:  3, 7, 9, 11, 12, 13, 14, 16, 17, 18, 19
  Sura  97:   5 Verse fehlen
           Verse:  1, 2, 3, 4, 5
  Sura  98:   6 Verse fehlen
           Verse:  2, 3, 4, 5, 7, 8
  Sura  99:   6 Verse fehlen
           Verse:  2, 3, 4, 5, 6, 8
  Sura 100:   9 Verse fehlen
           Verse:  2, 3, 4, 5, 7, 8, 9, 10, 11
  Sura 101:   8 Verse fehlen
           Verse:  2, 3, 4, 6, 7, 8, 10, 11
  Sura 102:   7 Verse fehlen
           Verse:  1, 2, 3, 4, 5, 7, 8
  Sura 103:   2 Verse fehlen
           Verse:  2, 3
  Sura 104:   8 Verse fehlen
           Verse:  2, 3, 4, 5, 6, 7, 8, 9
  Sura 105:   4 Verse fehlen
           Verse:  2, 3, 4, 5
  Sura 106:   3 Verse fehlen
           Verse:  2, 3, 4
  Sura 107:   6 Verse fehlen
           Verse:  2, 3, 4, 5, 6, 7
  Sura 108:   2 Verse fehlen
           Verse:  2, 3
  Sura 109:   5 Verse fehlen
           Verse:  2, 3, 4, 5, 6
  Sura 110:   2 Verse fehlen
           Verse:  2, 3
  Sura 111:   4 Verse fehlen
           Verse:  2, 3, 4, 5
  Sura 112:   3 Verse fehlen
           Verse:  2, 3, 4
  Sura 113:   4 Verse fehlen
           Verse:  2, 3, 4, 5
  Sura 114:   5 Verse fehlen
           Verse:  2, 3, 4, 5, 6

